[    0.91951     0.41651]

[    0.89838     0.41878]

[    0.87734     0.42177]

[    0.86183     0.42656]

[    0.84473     0.43076]

[     0.8261     0.43256]

[    0.80401     0.42361]

[    0.78632     0.41967]

[    0.76589     0.41434]

[     0.7456     0.41268]

[    0.72099     0.41499]

[    0.69634     0.42259]

[    0.67842       0.425]

[    0.65913     0.42923]

[    0.63172     0.42345]

[    0.61152     0.41323]

[    0.58837     0.40875]

[     0.5674     0.40453]

[    0.54549      0.4025]

[     0.5254     0.40702]

[    0.50009      0.4119]

[    0.47519     0.41808]

[    0.44941     0.41519]

[    0.42619      0.4069]

[    0.40518     0.40118]

[    0.38015     0.39736]

[    0.35926     0.39765]

[    0.33627     0.39771]

[    0.30828     0.40102]

[     0.2873     0.40983]

[    0.26208     0.41493]

[    0.23402      0.4094]

[    0.21143     0.40536]

[    0.18875     0.39762]

[     0.1648     0.39547]

[    0.13936     0.39262]

[     0.1128     0.39589]

[   0.090476     0.40002]

[   0.062735     0.40673]

[   0.040141      0.4052]

[   0.015766     0.40056]

[    0.91951     0.41651]

[    0.89838     0.41878]

[    0.87734     0.42177]

[    0.86183     0.42656]

[    0.84473     0.43076]

[     0.8261     0.43256]

[    0.80401     0.42361]

[    0.78632     0.41967]

[    0.76589     0.41434]

[     0.7456     0.41268]

[    0.72099     0.41499]

[    0.69634     0.42259]

[    0.67842       0.425]

[    0.65913     0.42923]

[    0.63172     0.42345]

[    0.61152     0.41323]

[    0.58837     0.40875]

[     0.5674     0.40453]

[    0.54549      0.4025]

[     0.5254     0.40702]

[    0.50009      0.4119]

[    0.47519     0.41808]

[    0.44941     0.41519]

[    0.42619      0.4069]

[    0.40518     0.40118]

[    0.38015     0.39736]

[    0.35926     0.39765]

[    0.33627     0.39771]

[    0.30828     0.40102]

[     0.2873     0.40983]

[    0.26208     0.41493]

[    0.23402      0.4094]

[    0.21143     0.40536]

[    0.18875     0.39762]

[     0.1648     0.39547]

[    0.13936     0.39262]

[     0.1128     0.39589]

[   0.090476     0.40002]

[   0.062735     0.40673]

[   0.040141      0.4052]

[   0.015766     0.40056]

[    0.91951     0.41651]

[    0.89838     0.41878]

[    0.87734     0.42177]

[    0.86183     0.42656]

[    0.84473     0.43076]

[     0.8261     0.43256]

[    0.80401     0.42361]

[    0.78632     0.41967]

[    0.76589     0.41434]

[     0.7456     0.41268]

[    0.72099     0.41499]

[    0.69634     0.42259]

[    0.67842       0.425]

[    0.65913     0.42923]

[    0.63172     0.42345]

[    0.61152     0.41323]

[    0.58837     0.40875]

[     0.5674     0.40453]

[    0.54549      0.4025]

[     0.5254     0.40702]

[    0.50009      0.4119]

[    0.47519     0.41808]

[    0.44941     0.41519]

[    0.42619      0.4069]

[    0.40518     0.40118]

[    0.38015     0.39736]

[    0.35926     0.39765]

[    0.33627     0.39771]

[    0.30828     0.40102]

[     0.2873     0.40983]

[    0.26208     0.41493]

[    0.23402      0.4094]

[    0.21143     0.40536]

[    0.18875     0.39762]

[     0.1648     0.39547]

[    0.13936     0.39262]

[     0.1128     0.39589]

[   0.090476     0.40002]

[   0.062735     0.40673]

[   0.040141      0.4052]

[   0.015766     0.40056]

[    0.55791     0.15487]

[          0           0]

[    0.41184     0.19103]

[    0.40173     0.18938]

[    0.39053     0.18455]

[    0.37976     0.17996]

[    0.36742     0.17844]

[    0.35756     0.17813]

[          0           0]

[    0.60726     0.15806]

[    0.61411     0.15855]

[     0.6209     0.15876]

[          0           0]

[    0.62173     0.67352]

[    0.44477     0.61899]

[    0.43404      0.6199]

[      0.671     0.66829]

[    0.69185     0.66752]

[    0.72578     0.67446]

[    0.74391     0.67917]

[    0.76305      0.6889]

[    0.67913      0.1558]

[    0.35865     0.60452]

[    0.34171     0.61391]

[    0.33243     0.61519]

[    0.32273     0.61905]

[    0.31375     0.61833]

[    0.30251     0.61908]

[    0.27967     0.61811]

[    0.26821     0.61613]

[    0.25876     0.61827]

[    0.24886      0.6187]

[    0.24207     0.61234]

[    0.23313     0.60952]

[          0           0]

[    0.76406     0.16058]

[          0           0]

[   0.044732     0.15857]

[    0.55791     0.15487]

[          0           0]

[    0.41184     0.19103]

[    0.40173     0.18938]

[    0.39053     0.18455]

[    0.37976     0.17996]

[    0.36742     0.17844]

[    0.35756     0.17813]

[          0           0]

[    0.60726     0.15806]

[    0.61411     0.15855]

[     0.6209     0.15876]

[          0           0]

[    0.62173     0.67352]

[    0.44477     0.61899]

[    0.43404      0.6199]

[      0.671     0.66829]

[    0.69185     0.66752]

[    0.72578     0.67446]

[    0.74391     0.67917]

[    0.76305      0.6889]

[    0.67913      0.1558]

[    0.35865     0.60452]

[    0.34171     0.61391]

[    0.33243     0.61519]

[    0.32273     0.61905]

[    0.31375     0.61833]

[    0.30251     0.61908]

[    0.27967     0.61811]

[    0.26821     0.61613]

[    0.25876     0.61827]

[    0.24886      0.6187]

[    0.24207     0.61234]

[    0.23313     0.60952]

[          0           0]

[    0.76406     0.16058]

[          0           0]

[   0.044732     0.15857]

[    0.55791     0.15487]

[          0           0]

[    0.41184     0.19103]

[    0.40173     0.18938]

[    0.39053     0.18455]

[    0.37976     0.17996]

[    0.36742     0.17844]

[    0.35756     0.17813]

[          0           0]

[    0.60726     0.15806]

[    0.61411     0.15855]

[     0.6209     0.15876]

[          0           0]

[    0.62173     0.67352]

[    0.44477     0.61899]

[    0.43404      0.6199]

[      0.671     0.66829]

[    0.69185     0.66752]

[    0.72578     0.67446]

[    0.74391     0.67917]

[    0.76305      0.6889]

[    0.67913      0.1558]

[    0.35865     0.60452]

[    0.34171     0.61391]

[    0.33243     0.61519]

[    0.32273     0.61905]

[    0.31375     0.61833]

[    0.30251     0.61908]

[    0.27967     0.61811]

[    0.26821     0.61613]

[    0.25876     0.61827]

[    0.24886      0.6187]

[    0.24207     0.61234]

[    0.23313     0.60952]

[          0           0]

[    0.76406     0.16058]

[          0           0]

[   0.044732     0.15857]

[    0.55791     0.15487]

[          0           0]

[    0.41184     0.19103]

[    0.40173     0.18938]

[    0.39053     0.18455]

[    0.37976     0.17996]

[    0.36742     0.17844]

[    0.35756     0.17813]

[          0           0]

[    0.60726     0.15806]

[    0.61411     0.15855]

[     0.6209     0.15876]

[          0           0]

[    0.62173     0.67352]

[    0.44477     0.61899]

[    0.43404      0.6199]

[      0.671     0.66829]

[    0.69185     0.66752]

[    0.72578     0.67446]

[    0.74391     0.67917]

[    0.76305      0.6889]

[    0.67913      0.1558]

[    0.35865     0.60452]

[    0.34171     0.61391]

[    0.33243     0.61519]

[    0.32273     0.61905]

[    0.31375     0.61833]

[    0.30251     0.61908]

[    0.27967     0.61811]

[    0.26821     0.61613]

[    0.25876     0.61827]

[    0.24886      0.6187]

[    0.24207     0.61234]

[    0.23313     0.60952]

[          0           0]

[    0.76406     0.16058]

[          0           0]

[   0.044732     0.15857]

[    0.55791     0.15487]

[          0           0]

[    0.41184     0.19103]

[    0.40173     0.18938]

[    0.39053     0.18455]

[    0.37976     0.17996]

[    0.36742     0.17844]

[    0.35756     0.17813]

[          0           0]

[    0.60726     0.15806]

[    0.61411     0.15855]

[     0.6209     0.15876]

[          0           0]

[    0.62173     0.67352]

[    0.44477     0.61899]

[    0.43404      0.6199]

[      0.671     0.66829]

[    0.69185     0.66752]

[    0.72578     0.67446]

[    0.74391     0.67917]

[    0.76305      0.6889]

[    0.67913      0.1558]

[    0.35865     0.60452]

[    0.34171     0.61391]

[    0.33243     0.61519]

[    0.32273     0.61905]

[    0.31375     0.61833]

[    0.30251     0.61908]

[    0.27967     0.61811]

[    0.26821     0.61613]

[    0.25876     0.61827]

[    0.24886      0.6187]

[    0.24207     0.61234]

[    0.23313     0.60952]

[          0           0]

[    0.76406     0.16058]

[          0           0]

[   0.044732     0.15857]

[    0.47553     0.18242]

[    0.47553     0.18242]

[    0.55791     0.15487]

[          0           0]

[    0.41184     0.19103]

[    0.40173     0.18938]

[    0.39053     0.18455]

[    0.37976     0.17996]

[    0.36742     0.17844]

[    0.35756     0.17813]

[          0           0]

[    0.60726     0.15806]

[    0.61411     0.15855]

[     0.6209     0.15876]

[          0           0]

[    0.62173     0.67352]

[    0.44477     0.61899]

[    0.43404      0.6199]

[      0.671     0.66829]

[    0.69185     0.66752]

[    0.72578     0.67446]

[    0.74391     0.67917]

[    0.76305      0.6889]

[    0.67913      0.1558]

[    0.35865     0.60452]

[    0.34171     0.61391]

[    0.33243     0.61519]

[    0.32273     0.61905]

[    0.31375     0.61833]

[    0.30251     0.61908]

[    0.27967     0.61811]

[    0.26821     0.61613]

[    0.25876     0.61827]

[    0.24886      0.6187]

[    0.24207     0.61234]

[    0.23313     0.60952]

[          0           0]

[    0.76406     0.16058]

[          0           0]

[   0.044732     0.15857]

[     331.02      149.94]

[     323.42      150.76]

[     315.84      151.84]

[     310.26      153.56]

[      304.1      155.07]

[      297.4      155.72]

[     289.44       152.5]

[     283.08      151.08]

[     275.72      149.16]

[     268.42      148.56]

[     259.56       149.4]

[     250.68      152.13]

[     244.23         153]

[     237.29      154.52]

[     227.42      152.44]

[     220.15      148.76]

[     211.81      147.15]

[     204.26      145.63]

[     196.38       144.9]

[     189.15      146.53]

[     180.03      148.28]

[     171.07      150.51]

[     161.79      149.47]

[     153.43      146.48]

[     145.86      144.42]

[     136.85      143.05]

[     129.33      143.15]

[     121.06      143.18]

[     110.98      144.37]

[     103.43      147.54]

[      94.35      149.38]

[     84.248      147.38]

[     76.116      145.93]

[      67.95      143.14]

[     59.328      142.37]

[     50.169      141.34]

[     40.608      142.52]

[     32.572      144.01]

[     22.584      146.42]

[     14.451      145.87]

[     5.6757       144.2]

[     331.02      149.94]

[     323.42      150.76]

[     315.84      151.84]

[     310.26      153.56]

[      304.1      155.07]

[      297.4      155.72]

[     289.44       152.5]

[     283.08      151.08]

[     275.72      149.16]

[     268.42      148.56]

[     259.56       149.4]

[     250.68      152.13]

[     244.23         153]

[     237.29      154.52]

[     227.42      152.44]

[     220.15      148.76]

[     211.81      147.15]

[     204.26      145.63]

[     196.38       144.9]

[     189.15      146.53]

[     180.03      148.28]

[     171.07      150.51]

[     161.79      149.47]

[     153.43      146.48]

[     145.86      144.42]

[     136.85      143.05]

[     129.33      143.15]

[     121.06      143.18]

[     110.98      144.37]

[     103.43      147.54]

[      94.35      149.38]

[     84.248      147.38]

[     76.116      145.93]

[      67.95      143.14]

[     59.328      142.37]

[     50.169      141.34]

[     40.608      142.52]

[     32.572      144.01]

[     22.584      146.42]

[     14.451      145.87]

[     5.6757       144.2]

[     200.85      55.754]

[          0           0]

[     148.26      68.772]

[     144.62      68.176]

[     140.59       66.44]

[     136.71      64.787]

[     132.27      64.239]

[     128.72      64.126]

[          0           0]

[     218.61      56.902]

[     221.08      57.079]

[     223.52      57.152]

[          0           0]

[     223.82      242.47]

[     160.12      222.84]

[     156.25      223.16]

[     241.56      240.59]

[     249.06      240.31]

[     261.28      242.81]

[     267.81       244.5]

[      274.7         248]

[     244.49      56.086]

[     129.11      217.63]

[     123.02      221.01]

[     119.67      221.47]

[     116.18      222.86]

[     112.95       222.6]

[      108.9      222.87]

[     100.68      222.52]

[     96.556      221.81]

[     93.153      222.58]

[     89.589      222.73]

[     87.146      220.44]

[     83.926      219.43]

[          0           0]

[     275.06      57.809]

[          0           0]

[     16.104      57.084]

[     200.85      55.754]

[          0           0]

[     148.26      68.772]

[     144.62      68.176]

[     140.59       66.44]

[     136.71      64.787]

[     132.27      64.239]

[     128.72      64.126]

[          0           0]

[     218.61      56.902]

[     221.08      57.079]

[     223.52      57.152]

[          0           0]

[     223.82      242.47]

[     160.12      222.84]

[     156.25      223.16]

[     241.56      240.59]

[     249.06      240.31]

[     261.28      242.81]

[     267.81       244.5]

[      274.7         248]

[     244.49      56.086]

[     129.11      217.63]

[     123.02      221.01]

[     119.67      221.47]

[     116.18      222.86]

[     112.95       222.6]

[      108.9      222.87]

[     100.68      222.52]

[     96.556      221.81]

[     93.153      222.58]

[     89.589      222.73]

[     87.146      220.44]

[     83.926      219.43]

[          0           0]

[     275.06      57.809]

[          0           0]

[     16.104      57.084]

[     200.85      55.754]

[          0           0]

[     148.26      68.772]

[     144.62      68.176]

[     140.59       66.44]

[     136.71      64.787]

[     132.27      64.239]

[     128.72      64.126]

[          0           0]

[     218.61      56.902]

[     221.08      57.079]

[     223.52      57.152]

[          0           0]

[     223.82      242.47]

[     160.12      222.84]

[     156.25      223.16]

[     241.56      240.59]

[     249.06      240.31]

[     261.28      242.81]

[     267.81       244.5]

[      274.7         248]

[     244.49      56.086]

[     129.11      217.63]

[     123.02      221.01]

[     119.67      221.47]

[     116.18      222.86]

[     112.95       222.6]

[      108.9      222.87]

[     100.68      222.52]

[     96.556      221.81]

[     93.153      222.58]

[     89.589      222.73]

[     87.146      220.44]

[     83.926      219.43]

[          0           0]

[     275.06      57.809]

[          0           0]

[     16.104      57.084]

